Mean: [0.3657681345939636, 0.36586350202560425, 0.3988131880760193]
Std: [0.1629587709903717, 0.1729382574558258, 0.15380774438381195]
